Start of run: 1409419959.82
Channel 14,Channel 15,Channel 16
00000
56797
48059
53970
47802
53713
05911
47545
09766
45489
16962
50886
65278
11822
40349
49087
49601
44718
51400
08738
58596
63222
39578
57568
40863
51914
03341
50629
12079
63479
29298
54484
49601
65278
48830
50629
47802
04112
51914
60909
37265
43176
08738
24158
03084
53456
44718
05397
02570
46517
48059
56540
61423
46517
52685
49087
47545
58853
40349
55255
41634
52942
39578
51914
62451
44461
03341
46517
03598
48059
64507
43433
46003
63993
47802
08995
29555
03341
49858
59624
06168
60909
39578
53199
34695
58853
64250
50629
06939
03855
50886
60395
43947
52942
43947
50886
08995
41634
46003
43176
06425
42662
60652
14906
44975
03855
02056
01285
49858
62965
58339
54484
10280
42662
49601
04369
42405
65278
37008
06682
47031
02313
44975
61937
08995
55255
03341
47288
65535
41891
58082
38807
01799
10794
44718
17990
46003
12079
39835
55512
62194
44461
63222
49087
62965
40863
51143
04626
44461
52685
09509
45489
46260
41377
44975
62965
54998
06939
52171
03084
46517
11822
54741
02056
45746
14135
43433
51914
42148
55769
63222
44975
61423
08224
50372
05911
42662
48059
45232
09509
45489
01799
54484
34695
58339
46260
54998
04369
51143
59624
53456
48573
42148
57311
11822
19532
26985
35723
56283
46517
45746
62965
42405
47802
11565
52171
62194
39835
49087
06425
44975
64250
48830
50886
51914
46517
04112
51657
51657
39835
52171
44718
45489
00771
42148
64507
08995
46003
59881
46003
45746
46774
56540
24672
42148
07453
42405
49858
00514
47545
48830
41377
48573
12079
11308
04369
44975
62194
46517
50629
03341
47545
47288
44718
36751
11051
47288
02570
45746
38807
00000
53970
01542
62194
62194
47031
63222
36494
42405
62965
42919
42662
61166
47802
50886
56026
49344
42148
55769
51657
45746
49601
50886
05397
44461
61680
53199
57054
50115
42662
62451
51400
61680
48830
42662
05911
51914
52685
39835
43947
06425
07196
58853
47545
01028
47031
02056
50372
62965
47802
08995
36237
49087
51657
46003
57825
47288
42662
63222
36494
62194
43433
29555
06939
47802
51400
05140
53456
65535
58339
02313
10794
51657
03084
43176
63736
53970
59624
08224
43176
61166
42148
58082
55769
47545
08738
47288
02056
32382
14649
02056
51143
59367
44975
44718
04626
44461
54741
62194
45232
60909
48573
51914
29298
48573
15677
14906
50115
05140
46774
61937
38293
65021
00771
59624
06939
52171
01799
59367
58853
45489
58082
48059
49601
10280
49858
02570
48059
04626
36237
54998
07453
49601
01285
45746
56283
09509
58082
04112
09509
58339
42919
33153
06939
38293
37522
48573
61937
47031
47031
10023
55769
56026
52942
10794
51914
01799
49087
56797
11822
37522
56797
61937
53713
09766
48830
61423
47802
08224
47802
53456
62194
39064
61423
47802
53713
08481
46774
06682
24415
08481
10794
65021
43433
01542
03598
45232
50629
08481
61423
42405
53713
03598
46003
58596
11308
32639
56797
49858
58853
13364
08738
01542
40349
10794
64250
06682
41377
02313
39578
41377
61937
43690
50115
42405
49087
16962
56283
54998
07710
64507
63479
50886
57054
02313
62194
25443
50629
56026
52685
08224
49858
00257
48316
56283
06425
45746
16191
48573
12850
59367
00514
16448
28013
54227
50629
12079
48059
00000
52942
63736
04626
51400
08224
43433
08224
47802
56283
44975
62451
51657
58596
21074
55255
57054
38293
53970
06168
43690
57825
64764
52685
62194
43176
12850
45746
42405
09252
53713
65021
54998
50629
19275
10537
00257
57054
64507
46260
61166
34181
05397
12593
48573
62965
13107
65535
11051
61166
15677
38293
02056
50886
51657
01799
54484
07710
55255
02056
55255
61680
47802
62708
49858
51143
11308
51400
10537
47545
60138
62194
54227
24158
46517
53713
07710
52685
65021
04369
57054
17476
53456
64507
42662
48573
61423
56283
62194
53713
49087
20560
54741
06939
51400
02827
44975
64250
08738
10280
53970
47545
10794
61937
52685
57054
53970
54998
03084
52942
54998
11822
53713
04369
48830
04112
43690
53456
19275
56797
60909
50115
53713
14649
65535
15677
51657
00514
45232
10794
63222
00000
44718
26728
46260
50629
05654
52428
12079
48573
58853
13364
63222
08481
45746
60395
04369
52171
12593
52942
62194
47545
09766
53713
45746
64764
13621
42919
41634
52685
57311
04883
58339
15163
59110
05654
60395
18504
51657
02313
45746
60909
16962
02827
15163
49858
58082
51914
58596
51143
60138
09509
49087
16705
52171
13107
43947
47031
56283
48830
03855
17733
17476
52685
56540
51914
57568
60138
47545
46774
13107
51400
03598
51400
63479
15677
08224
08224
02570
22873
53456
05397
51914
06939
30326
49601
27242
54998
60909
58082
47802
56283
04369
49344
63993
47802
08995
16705
56026
02313
57568
02056
43690
59367
02056
52428
02827
62965
00257
49087
50629
14649
56797
54227
53456
59367
19018
54998
03341
47545
06939
53456
16962
17733
53456
25957
45746
11565
19789
51657
16448
50115
61937
53199
56283
15163
52685
46003
51400
58082
11051
53970
05654
46517
63222
00771
49087
65278
55255
58853
10794
17733
65021
50115
00514
33410
53199
59624
04369
58082
12593
49087
15163
56026
00771
47802
56026
14906
03341
25700
52428
05397
37265
03855
49601
08995
47031
06939
58082
63736
44718
57054
57568
49087
14906
25957
16705
09252
12593
56026
62965
17219
46774
62965
14135
51657
19018
50886
49344
43433
62965
12079
52942
65535
54741
60652
53713
38036
13621
50629
05397
56283
21074
52428
56026
58596
57568
11051
51657
53713
43433
48316
15163
44461
56283
03855
49087
06939
54227
59624
47288
63479
19018
53970
12850
51914
13107
42919
56283
03598
48316
48830
58853
46260
47802
60909
64250
50629
60138
05397
38036
05140
43947
61166
63993
58339
15163
48059
12850
54484
01542
50372
04112
51657
02570
48573
60395
63479
07967
56026
52685
60909
11822
60138
00257
49601
05397
35466
06939
06939
03341
63479
04369
41377
49087
52685
03598
18247
42405
03598
42405
39835
03341
51143
08738
46517
00000
49344
48830
58596
47545
44975
04112
53713
02827
48830
02570
52942
62194
48316
05397
11051
63479
17733
53199
62708
49087
35209
48059
08738
54484
06939
52942
01799
48316
57054
23387
42662
59624
42405
29555
45232
50372
48316
54998
15420
60395
62451
46774
61423
53970
65021
12850
42919
61423
25957
65021
12593
48573
20046
59881
00771
48059
51914
57054
49601
22873
54227
48573
47545
00771
47031
08224
03341
58596
15163
53456
39578
55255
63222
44461
60909
49087
28527
22102
53199
04112
15677
54741
45489
60138
35723
54741
57825
47031
56283
43690
49858
05397
56026
58339
43690
10280
54741
09766
55512
63736
48059
03341
16962
48573
61937
50886
58596
16448
09509
58853
65535
06939
54484
49858
51143
05140
51914
61166
52685
62451
49601
57311
02827
41634
01542
46774
57311
52942
63222
51914
57825
53713
63993
48573
55255
07453
51143
58853
15677
49087
10023
10537
00257
47545
65021
51657
03084
13621
55512
16705
54741
07453
23901
56283
00771
51914
07453
47802
56797
11308
55255
14135
02570
13878
52171
31354
57568
25443
53970
58339
62194
56797
04883
54998
30583
56283
46003
58082
40092
51914
62451
17219
52942
61166
59881
58853
00257
61423
49087
00771
50629
01799
54741
59881
22102
41891
13621
65021
22616
58596
03598
14135
62965
11051
62451
62965
54484
54741
00000
52171
43433
58339
61423
62194
49858
09766
51914
61166
61166
02313
52942
03341
52942
53199
10280
61937
05140
53713
19018
49858
58596
22616
53970
08481
39835
60395
49344
57568
14906
51143
63479
64250
51914
61166
08224
60395
01542
46003
04369
53456
05397
44461
03084
64250
55255
59624
13107
08224
00257
52685
54741
07710
43947
15934
52685
62965
09509
09252
08224
53713
06682
46260
14906
14649
07710
65278
01542
17990
13621
47031
63736
11822
58082
07710
58853
56283
59881
14135
49601
63993
22873
55255
27242
03341
50886
20560
63222
63736
63222
59624
23130
58853
08738
55255
57311
21588
49601
65021
53713
54741
62708
20817
58082
41120
12850
13621
06168
58082
65021
08738
59624
13621
62451
02570
62708
01028
48059
43176
14649
59881
11565
46260
32125
55255
61423
00257
61937
44718
17476
58596
10280
17733
02827
55512
45746
61423
02827
18247
02313
13878
53456
60652
64250
59881
14906
58082
00257
58596
06939
14906
58853
08481
56797
62194
60395
55769
58853
17219
55255
08738
58082
04112
60138
06425
54741
56283
15677
61423
14906
54741
05654
56797
07710
57054
63736
20303
59881
02313
28013
61937
09252
56026
51914
63993
64764
20303
58339
02570
60909
15677
12079
53970
00514
53199
06939
62708
10537
53713
62708
02570
57311
57311
18247
56797
06682
61937
03084
55255
13621
00514
29041
05140
03084
64764
01799
56283
63222
21845
63993
57311
17476
02827
19018
22102
04883
53713
58853
18504
54227
09766
63993
13107
54227
07196
43690
03855
50372
54741
42919
55255
13621
47031
49087
19275
58853
20046
60138
64507
19789
55255
35980
62965
19018
60909
38550
54741
02056
04112
15420
53970
58853
05654
55769
13621
15677
18504
56540
06168
44461
06682
55769
55512
20046
51914
01285
13878
52685
60909
15420
53713
28270
55255
15677
55769
08738
07967
03855
16962
60652
20046
59881
41120
53970
02827
56283
59624
00514
54741
14649
55255
61423
23130
02313
03598
15163
56540
50629
08481
60395
02827
55255
03341
55769
63479
16191
52685
21331
56797
21331
53456
01799
56540
07453
11565
56026
56026
02827
01028
33667
62451
00771
11308
49601
05140
14392
63993
06682
56797
14392
58853
01028
54998
15934
51914
58082
01285
62194
11051
52171
00771
49601
55255
57054
12850
13878
62965
10280
43433
06425
21845
57568
12079
57311
10023
54227
60652
16705
65021
14649
59881
13621
61423
06168
59110
02056
60909
59624
02056
63479
13364
40863
12850
00771
20303
64250
03341
53199
62194
23130
05654
18761
55512
38293
60138
08481
20046
58082
64250
15163
56797
22873
58596
59881
14135
56283
02827
58853
49344
02313
60138
02827
61937
61680
10023
49601
62708
65021
17990
64250
11308
63736
60395
25957
01285
24158
39578
18761
62451
62965
60395
05911
20817
59110
11308
62708
08481
63736
15677
60395
20817
17990
63479
06682
53456
07967
10794
62965
12850
60909
03341
00771
63222
24929
60652
03341
62708
63479
05654
56797
51914
09766
58596
15677
62451
02827
55769
65278
20046
57054
11308
63736
52171
60652
10794
21588
57568
07967
10280
25186
24672
58596
32896
60909
07453
59367
65021
20303
06425
17733
57054
40349
57054
13107
20560
62965
25186
15934
22102
53970
16705
24672
28013
58853
37265
12850
57825
03855
18761
60909
03598
57825
13364
15163
15677
61423
20817
59881
00514
05654
64507
17219
60909
56797
07967
14649
51400
55769
17990
58339
11565
16705
60909
08738
54998
60395
47031
62708
03341
43690
20560
54227
10537
24929
07967
59367
17733
64250
09509
54998
06939
00514
05911
56797
60138
44461
51914
61166
17733
58853
12079
56797
07196
65021
57825
03598
64507
17476
02313
12850
60138
39321
62965
04112
56797
58853
19018
05397
62708
61937
05911
53713
52428
19018
12850
23901
59881
06168
15420
44204
00514
02827
23130
61166
16962
56026
03598
54741
57054
02570
02056
03598
05140
50115
19275
56797
61423
52685
02313
61423
15677
60395
60395
63222
62708
03598
06939
61423
63222
13364
08995
27242
62194
04112
65535
03084
64764
64507
02056
05654
64250
14906
60395
21588
62194
20560
57568
25957
58853
12336
61937
61166
24415
00000
00257
16448
03598
55255
61937
24672
52171
13107
59367
63479
14649
64250
64764
21588
64250
15677
62194
20817
51657
08738
01028
11565
56283
63736
06682
01285
26471
12079
20817
59881
14649
12850
57568
30583
02827
49087
33410
58339
15934
55255
08738
20817
59110
16705
59110
00514
12850
31611
53970
24672
64507
04883
57825
20817
25443
63479
16962
02056
11308
54741
59110
18504
61680
13364
60395
11822
64250
63736
37008
08224
20046
24415
64764
58596
65021
54741
05397
01285
06682
59881
28527
01028
27499
01028
12336
60395
02827
57825
03341
24158
62451
25957
01285
31354
04369
22359
09509
24415
58339
13621
62451
05397
31868
64250
07710
58596
04369
17219
10280
61937
03598
49601
16962
21588
58853
09509
64507
01799
23130
04883
03341
28270
01028
09766
65278
07196
22616
03341
17733
55255
24929
16962
62194
13364
23901
10023
64250
08224
25186
65021
22616
65278
20817
60395
06939
65535
53970
17476
64507
18761
00257
11822
61423
11051
59110
60138
28013
04883
21074
02056
07453
65278
00514
18504
60909
08738
05911
08481
60652
06425
58853
64250
04883
03598
05911
14906
54484
25443
62451
07196
58082
44975
22616
62965
21845
61937
12593
02570
10280
00514
00000
14649
06939
63479
00771
16705
02827
60395
64250
25957
06682
57311
10023
02313
61166
11822
61423
01542
57054
64250
15677
61166
14392
03598
09509
59110
10794
19018
25443
65021
65535
07453
61166
04626
24158
03341
05654
05140
10023
57054
05397
60138
04369
65278
57311
24158
62451
09509
01028
62708
12336
61937
20817
62451
11051
61937
36237
06168
07710
59367
35466
29298
00514
20046
03598
24415
22873
10794
58596
60395
04626
06939
00514
00514
62194
05911
54227
62965
00000
15163
60395
07453
62451
61423
31611
65021
28270
65021
17219
01028
13364
25957
62451
06425
62965
02570
28527
00257
58339
14649
63993
09766
65021
19275
41891
22616
05397
26728
00514
20560
64507
06682
03341
07453
63993
07967
60395
17476
26985
65021
17990
64507
50629
22102
50372
03341
00514
09252
62194
06939
59624
49858
19018
04369
01799
02827
14649
63222
09766
00257
27242
00514
04626
10537
03341
65021
08481
27499
64507
63479
08738
28013
29555
19018
61166
08738
17733
04626
00771
62965
61680
14649
17219
13107
62194
27499
01542
04626
00771
04883
63993
01285
27499
62194
05397
65535
19018
58339
10280
11308
11565
26728
60909
11822
62708
10794
17476
28013
13621
02827
06939
03084
08738
22359
63736
63736
05397
08481
04369
25186
61423
12593
29298
64250
28013
16448
62708
20046
65278
25186
27499
06939
22873
01028
29555
09252
05911
01542
15420
58853
08481
02570
65278
28013
00000
64507
64507
08481
62965
02570
31097
05911
17733
63993
05911
62708
05397
23901
60909
37522
05911
16191
23901
51143
19532
09509
12850
01285
42662
62194
08738
03598
32896
27499
04626
31868
61937
29812
00257
25443
04112
29298
60138
14906
65535
09252
29041
01028
33410
18761
02570
32896
09766
03341
20560
62708
06939
26471
62965
20817
12079
53970
18761
58339
19789
63479
56797
02827
10794
27499
65021
20046
00257
06939
65021
27499
21845
64250
55255
65021
19018
05397
08481
00514
12850
07453
23387
18504
02827
05911
29041
01028
22873
03084
17733
15420
21588
03598
33924
03341
14135
01028
34181
18247
12593
56026
62708
24672
03341
29555
17733
12079
12079
00514
27242
37779
05397
13364
10794
04883
01285
65535
03598
28527
32896
28013
00771
25443
00771
33924
30069
01285
07196
01542
27499
65021
23901
60909
11565
19018
04883
25700
60909
04112
20046
64507
05911
07453
19018
05911
25700
15163
16962
08995
25443
08738
06168
63736
09509
01285
14135
59881
64250
33410
11051
59110
06168
50629
04369
57311
65021
53456
08738
55769
30583
04369
22359
01285
33667
16191
17476
05397
21331
61680
13107
25700
03598
00514
09252
61166
07710
21845
03598
29555
25957
21074
65278
29555
62965
36237
30326
57825
19018
25186
03598
34695
17733
32896
12850
27499
04883
27242
29555
22616
63993
22359
26985
62194
20303
65021
11308
01028
22616
28013
65021
25957
11051
09252
05911
07967
01542
04883
30069
05140
26471
07710
16191
53456
12079
58082
19532
29298
00257
24415
04369
09252
08224
24415
03341
25700
48573
14649
32125
24158
64764
15163
33153
02313
17219
62194
18761
60652
02313
32896
23901
58853
01285
35980
08481
17990
61680
12079
14906
55769
24929
59881
32382
03598
21588
21331
05654
04369
17733
02570
10280
30326
06682
17733
03341
28527
01285
30840
04369
11051
01799
08738
45746
52685
00514
41377
27499
65021
35980
58339
12593
24415
00771
32896
29812
24929
60395
08224
04369
10537
04626
22359
64250
26985
05654
08738
21074
64764
10794
17733
25186
03855
04626
63479
03341
23644
05140
01285
18761
63479
23901
23901
00771
15677
03855
09766
01799
06682
26214
01285
30840
06682
26214
05397
23901
07453
14135
00771
10537
12850
14649
21588
02313
08224
23387
22873
04369
14906
02827
56797
03598
15677
34952
14135
16448
01285
28270
02827
10794
05140
06939
29041
04369
27499
03855
11822
31868
08481
15420
01285
11822
29555
15677
12079
05140
10794
02570
12079
10280
05654
11565
26985
62451
64250
63993
19532
09509
10794
65535
03341
36751
09509
27499
17733
13364
34695
56797
08481
61166
22102
01542
13878
07710
08738
65021
06939
33410
01799
35723
63222
25443
32125
03598
16705
01028
29298
29041
65278
14906
03341
12850
65021
14392
64507
11308
33924
02827
10023
01285
19275
26471
26214
25957
18247
34695
05140
34181
06682
17476
06682
08738
14906
09509
32382
06168
32125
04626
23644
07710
14392
20817
15934
63479
06682
24929
01542
16448
00257
39064
10794
23901
60909
02313
24415
04112
19532
54484
07710
64250
11308
61937
65278
22873
57568
08738
00257
63479
11051
65535
20046
19789
29041
65021
29298
16191
25957
64507
04883
22359
62965
22359
07967
05911
65021
09766
09766
05397
60395
16448
02570
01799
65535
11822
25957
00771
19018
24929
29298
03855
05397
36237
53970
62965
15677
06682
22102
00771
14135
07453
10537
05140
20817
59624
30069
65278
06425
15420
12593
65278
14906
58596
06939
64764
21845
46260
62708
09509
20817
13364
34438
52685
14135
60909
62194
26471
04883
24672
03855
12593
07710
07710
51143
10794
64250
53456
43947
61423
18504
59881
07710
04369
21588
07710
07196
31354
02827
14135
62451
64764
28013
58082
56540
65021
25443
64507
05397
00257
18761
62194
21845
64507
13878
55769
12850
65535
06168
62965
03084
29298
63479
29555
61423
22102
06425
11051
62194
02827
12850
63479
62708
60909
40863
23130
04883
10794
00257
25186
24672
21588
02056
20817
25700
01799
10537
12336
42405
65021
11308
52171
00514
16448
28784
32382
62708
10280
19789
58596
25700
61937
23387
05140
12336
02827
56283
63479
00771
44461
60138
09252
37265
00771
20303
01285
06425
01028
63479
20303
07710
16191
03341
26985
03341
35209
03341
19275
32125
01028
34695
62194
00000
07453
02570
58339
09766
23901
02313
13621
64507
64507
29812
07453
18247
04883
13107
03084
27242
65021
44461
00000
32896
08481
24929
65535
17219
04883
58853
33153
01285
11051
65535
30069
24672
01285
37779
04112
24672
24929
31354
61166
17990
13878
04112
45489
09766
29298
63479
54484
02570
11051
05654
36494
04626
16448
03341
20303
11051
15163
37779
01799
16448
03341
05911
08224
09509
02056
18247
00000
31097
04369
18247
26471
08481
30069
05140
13878
05654
51657
11565
14649
50372
18761
00000
12850
09509
12593
29298
08224
13878
05140
12850
08995
11051
08224
04369
15934
12079
33410
31354
33410
46517
32896
00514
60138
03084
23901
59881
12079
01285
14906
34181
05654
02570
12079
33153
04369
15163
05654
17219
01542
15163
27242
07710
53456
61937
16705
05654
17476
05397
29041
18504
16962
22102
39578
19532
06939
24415
20817
08224
03341
64250
11822
13107
04112
05654
05911
54741
31097
62451
39835
07453
35209
59110
19532
09252
14135
63993
15163
12079
10280
22616
10537
24672
03598
09509
21331
06939
30583
05140
33667
05140
30583
05911
12593
01542
16962
59881
60138
10794
19275
11051
15934
33924
07967
22102
05654
03855
24672
01285
54227
30583
06682
30069
10280
19789
58853
65535
31354
35466
32896
09252
19532
11051
02570
11822
32125
08481
54741
60138
12593
28270
23130
57311
04883
20046
01285
13621
51143
06425
24415
14906
23130
02056
38293
58596
25443
64507
12850
21588
03598
31097
16962
04626
00514
64250
06168
22873
11565
23901
00000
25957
04626
16705
00257
16191
09509
23901
39835
06682
25443
07967
29298
03341
11051
13878
06939
17990
07196
35723
13621
07453
19532
08738
03855
01542
09766
11565
31611
62451
18504
61680
29812
03084
21588
03341
13878
01799
28013
08995
13878
08481
26471
31354
06168
14649
12336
62708
13621
13107
13621
31611
01799
26214
10537
37779
08738
04626
34952
27242
01542
12336
02570
11565
03084
29298
03341
01799
05397
21588
65021
05397
26728
08738
32125
02570
24158
64250
26214
31868
17476
00514
07196
05911
26471
00000
43947
22102
17733
05397
32125
05911
30583
55255
32125
20046
21588
56026
56797
31097
00257
38807
04626
37008
62965
04112
28527
05140
29298
03855
19532
08224
15420
26214
13621
21588
07710
32896
05911
32125
10280
47545
14649
59624
32382
13107
21331
00771
05911
27242
05397
39835
00771
28013
64507
11051
34181
08481
30069
60395
22873
13107
21588
07710
24415
32896
24158
43176
64507
12079
34181
06939
28527
04112
33153
10280
14135
13364
07453
04883
06425
30069
17476
26985
06682
30583
07710
20560
13621
11565
29298
06168
23901
04626
17733
01285
05397
09766
11822
10794
09252
27499
01285
20303
05397
33410
29298
26471
10280
10023
42662
10794
25186
15163
26985
04369
24672
28013
06939
36237
07196
15934
42662
08481
34438
16191
35466
02313
32896
20817
25957
07196
13878
08224
04369
05911
21845
30069
16448
07710
15163
44461
09766
29041
07453
59624
14906
14649
33410
07967
19532
07710
09252
10280
19275
15420
20046
03084
14649
13878
07453
13621
39835
06682
23387
19275
24929
26985
04883
23130
18247
28013
08224
27242
05911
25186
60138
11565
29555
02570
25443
07196
09252
09252
57825
28527
01799
26214
02570
27242
05397
20046
64507
10280
22873
10280
14649
01799
45489
05140
23901
08481
19789
06425
14906
20560
27499
60138
07967
29555
13621
08738
37779
17990
12336
12336
19018
21845
60395
30583
02570
11051
02827
26214
00771
10023
15677
14392
22616
39321
54227
39578
42405
23130
07453
15420
63479
21588
21588
20303
27499
08224
17733
09509
21331
31354
22873
58596
61166
28270
03855
19532
25443
32125
34438
10794
31097
03341
26471
39578
15677
19789
15677
23644
19018
10280
33667
28784
19532
27242
19275
15163
16962
28013
36751
35466
07196
09509
24929
00514
06939
65021
08481
04626
14906
33153
05654
31868
00514
28270
03084
61166
12593
10280
09766
46003
22359
06939
19018
10794
30069
07967
06939
35466
14392
31611
10537
28527
10023
33667
06682
19018
13364
22102
05397
38550
04626
30583
02056
17990
34438
19275
35723
17476
19275
10023
10023
01799
23387
22616
18504
03341
05911
25186
15163
15677
05654
14135
13878
28270
01028
14649
03341
56797
24158
13107
14649
06168
24158
59881
07453
28013
12079
28527
12593
24672
10537
26728
15677
09766
35980
03598
64764
23130
04626
15934
07967
36751
09252
33924
02827
05654
34181
14906
27242
23901
35209
14135
38807
61423
22873
10794
27499
05911
15677
06939
22102
04883
33153
23901
20560
02827
23130
37522
18247
48830
23901
08481
18247
05654
22102
00514
22359
60138
08481
04369
22616
36237
13107
26985
08738
01285
57825
08224
01285
22359
31354
01799
31354
02056
09509
34181
04626
14135
07453
19789
12850
22102
29298
13364
37522
62965
05654
07967
17476
12079
31097
10280
15163
27499
03341
16448
62965
19275
04883
21074
20817
18761
14649
28527
08738
37265
10537
25443
63736
08995
17476
07967
19789
16962
15677
04112
11565
10023
13878
34695
14649
27242
11051
28270
14135
31097
30069
28527
58853
12850
13621
05911
14135
05140
32125
10794
14649
15677
09252
53713
36751
33924
11822
14906
26985
30583
28784
12079
33924
15677
23130
27242
21588
08995
16962
03341
04883
07453
39321
07710
60909
08481
39835
05911
31354
00771
24158
13107
26728
08995
35723
13878
62451
05911
15934
10794
22359
14649
11822
30840
44461
40349
11822
33410
05654
33667
07710
09509
26728
43947
11565
06425
24158
00000
41891
39321
10280
38293
10280
28784
14135
26985
07453
21074
01799
16191
03341
20303
30840
08481
30583
20817
20046
06682
45746
65535
15163
10280
29298
17990
01542
33410
05397
60395
35466
33153
28013
28527
12079
15677
30069
03341
33153
05654
06682
08738
32896
10794
25443
05397
17733
04883
14649
27242
12079
36494
11565
22616
22102
15677
56797
02827
20817
21845
16448
05654
11051
31868
12850
28013
14135
12850
15420
03855
17733
08481
49858
17733
20046
05140
08995
14649
09252
59367
63993
10280
39321
12336
38807
10280
54741
32639
60909
33410
18504
30069
18761
25186
10280
19789
10280
16191
34438
33924
33410
36237
01542
33153
11051
22102
00514
11308
36751
08995
25186
35466
08224
00771
27242
39321
07453
06168
07710
26728
04883
15934
05397
19275
03084
07710
09509
08995
25186
16448
38550
16962
38293
04626
17219
01285
04626
32125
14649
12593
12850
32125
04112
20046
05397
26214
09509
20046
13364
13621
38293
02056
12079
58082
41634
16705
26728
10280
21845
36751
42662
47545
49601
32125
02570
25186
09252
14906
24929
13878
07710
21074
29555
07453
36237
06939
35466
05654
24158
05654
13621
21331
05140
26985
06168
32382
04626
48573
32125
27242
60652
14392
01542
19789
23130
12079
12850
06939
31354
10023
06168
29298
12336
40349
06939
25186
05654
21074
04369
48573
07967
37522
21588
08481
27242
05140
21845
33410
30583
09766
12850
38036
04626
09252
05140
14135
56540
07967
34438
12336
29298
15677
25186
05911
19018
05911
12336
35209
12850
32125
00771
23387
04626
19275
64507
19275
08738
21331
01285
23387
08224
33410
14135
65021
16962
34181
60138
08481
17219
34438
12593
40349
09766
10023
15163
08481
29298
02570
23901
08481
27756
01542
21074
03855
35466
08738
18761
27499
06168
01799
61937
06682
14135
14649
12593
34695
10537
31611
04112
25700
03598
11822
27242
38550
14906
50886
17990
36237
04626
34695
07710
05397
33667
01028
09509
09509
21845
05397
01542
32382
63993
24929
09252
61680
65021
12850
33153
65535
17476
05911
16705
25443
19789
37265
10023
24672
10794
23130
06425
36751
12850
29812
05140
06682
34695
39578
11565
04626
32896
10023
38036
04626
25957
03855
31611
09252
11308
45489
14135
31097
06682
32639
01542
33667
12850
03855
14392
63479
10280
32896
20046
17219
09766
16962
05911
46774
12850
13621
00000
61166
35466
08995
17476
06168
35466
06168
26985
23901
37265
58853
25186
12593
13621
03341
16705
17476
04626
26985
30326
56797
10280
34438
59881
10280
06425
15420
65535
60395
40349
04369
53713
03341
19789
06168
08995
01542
48316
53713
10537
13878
08995
14392
32639
10537
03341
15677
07453
25700
07196
04883
29298
04626
35980
04626
12593
58082
22102
04112
28270
01285
17733
07196
19789
26728
08481
31097
02827
33667
15677
22616
03341
64250
30326
28527
14906
11565
34695
12336
62708
11822
31354
19018
37008
19789
34438
08738
40092
05911
11308
56283
10537
36237
16962
27242
63736
27499
06168
30326
03855
11051
23901
29298
12079
12593
07453
16705
57825
13878
12593
13621
37522
12850
26214
09252
17219
01542
33924
11565
25700
07453
16962
21331
19789
35723
03598
14906
29812
18761
06425
64764
59624
58853
00000
22102
60138
10537
04626
26471
05654
17990
07453
27242
09509
24672
61937
65535
53713
09509
44461
11051
40349
12593
23901
15163
07967
19018
16962
08738
35723
06682
38293
62965
08738
55255
12850
39321
11565
07196
19532
12079
17990
59624
15163
15677
11565
22102
09509
04626
05397
07710
30069
20817
17990
59367
31354
24415
04883
33924
21331
31868
05397
31868
04626
19275
10794
09509
04883
38293
21845
17219
13364
07967
32125
08481
14392
11051
11565
42405
05654
25700
14135
40349
03855
29555
11822
44204
34695
14906
32125
03341
41120
08224
30326
26471
62708
06939
28270
15677
36751
16191
37522
08481
29812
34181
12079
10794
05397
00514
18504
38807
14649
26471
62194
19018
20046
14135
23644
03084
25186
08995
17476
26214
08738
32639
12850
33153
10537
26985
16962
27756
26471
60138
12593
37522
09766
16962
11822
04626
12850
09509
33924
09766
41120
04883
32125
58853
30069
07967
28270
07710
63993
36237
04883
24415
14392
33410
09252
12079
25186
16705
10023
14392
13621
23130
05911
21074
09252
29041
05654
23901
20560
23130
09766
21074
14906
10794
11051
46003
14135
25186
11565
28270
22102
11565
34181
02827
25443
05911
36751
65535
21074
06939
36237
05911
20046
20303
23130
36751
04626
33153
03084
44461
10280
33924
13621
27499
10537
28527
05140
25700
03084
04883
38293
05397
09509
12079
12593
28013
13621
15163
01285
16705
07710
22102
06425
20046
03341
26214
62965
18247
04626
22102
33667
14906
33153
02313
15163
31354
15677
05397
34952
63993
04626
35723
36494
30069
61937
36237
08481
43690
59367
03855
06425
19275
06168
26471
31611
08995
33410
03341
16448
34695
20303
23387
03341
19275
04883
21331
09509
16962
28527
07453
41634
19275
19789
03341
21331
12850
32125
05140
30069
06425
52428
01285
29555
05140
15163
14906
17476
22359
14135
04112
60138
04883
33410
07710
23130
51657
15163
02570
38036
02570
22359
38550
01542
20046
35980
13621
13621
08995
39064
10280
24415
30069
28527
05140
20046
04112
15420
32896
08995
09509
36751
06939
21074
03341
23644
13364
17219
02313
22359
02056
23644
22359
08738
03341
10537
00771
26214
04626
30326
13878
07453
16962
57054
39321
06168
15163
08481
40863
20046
05397
35466
10280
23387
13621
31868
32382
28527
11565
15677
14135
35209
20046
05911
15677
04883
28270
05397
06939
14906
09252
28527
04883
16448
04626
47288
13621
17733
02313
23901
12593
39578
65021
52171
08224
63222
15420
43433
08995
26985
21331
08995
07710
10794
07967
17733
20817
59881
24672
08995
30326
20817
25443
28527
01542
02570
36237
18504
23130
20817
09766
08738
07453
22616
18504
19789
09766
15677
18761
26471
11822
31611
15677
05911
29555
09252
32896
15677
28527
15934
12079
05397
37008
14906
13621
34181
15934
04112
24929
13878
39578
12079
44461
51914
40606
12850
32896
11565
39321
12079
39064
10537
22359
05911
29812
13621
34952
10537
27242
65535
29298
10794
29298
15934
09509
15163
09509
31097
06682
29298
10537
23130
12850
17733
17990
39064
20817
29298
04883
29041
05140
23387
35723
23130
64764
13878
08738
29812
17733
05397
14649
24672
14649
08738
20046
08481
29298
12593
00257
21074
08481
29555
02056
26728
09766
18761
05911
13107
02313
22102
07453
17990
30326
45489
05397
38550
33667
25700
03598
25186
04626
33410
12079
07967
57568
21845
40606
08738
08224
47545
12850
36237
09252
25957
06682
09509
23901
40349
08481
09509
03084
32382
30326
04369
29041
09766
29298
22102
35723
11051
37522
08738
34438
08481
28270
14906
54227
32896
38807
17219
11308
29812
05397
31354
31611
06939
18504
06682
32125
03341
30069
09766
05654
17476
03598
25443
05911
26728
08481
07196
03855
17733
31097
29041
62194
19532
02570
56797
06939
30069
10280
30583
15934
04626
18761
61937
29298
59881
17733
08481
28527
00514
07196
16962
05397
19018
05397
38293
61937
23901
58853
22359
07453
18504
02827
28784
03084
33667
04112
26471
10537
18761
65021
10280
34438
65535
20046
05397
33924
20817
33153
10280
28527
18247
20817
37779
06682
31354
18761
41634
06682
17733
05397
10537
00514
19018
35466
33924
10280
32639
29812
02570
22616
07967
14135
39578
30326
03084
27499
04626
34181
60909
17219
02313
37522
11308
28527
22102
10794
14649
09252
21845
25957
08738
31097
13621
56026
16448
63479
23130
17733
38036
64250
33667
04883
28270
16705
14649
15677
14392
08738
03855
20560
03598
26214
12593
38293
01799
34438
02056
28270
28270
21845
03855
26728
09509
23130
14392
39321
06425
04883
25700
06682
26471
12850
12336
19018
10537
17476
65021
31097
12850
06425
11308
13364
08481
32125
01028
24929
05911
28270
65021
09509
06682
15420
04626
28270
06682
17990
07967
35209
15163
30326
15677
06939
51143
57825
14135
06682
21588
06682
14135
14135
27499
13364
36751
06425
14906
19275
25186
30069
25186
07453
34952
06425
50372
12850
23644
07453
30326
14649
25186
24415
52685
64250
24672
05397
32125
03084
21074
06168
57054
07967
33924
38036
17219
02313
34438
07710
31354
08738
26214
13621
61937
10280
21588
16191
34695
32382
06682
25957
18247
42662
12593
40863
11051
41634
09509
35209
13878
27499
05654
28784
07967
13878
33153
65278
19275
02056
19275
14135
13364
05911
24158
08738
31097
06168
28270
62965
35980
16705
33667
07710
28013
11822
33410
15163
02313
14906
19789
20817
08995
45232
12850
27499
03598
34438
20817
01542
04883
11051
08738
27499
19018
08738
24158
06425
25443
17733
25700
15163
19789
11051
56283
21074
01028
12079
10794
59881
15163
51657
06682
30583
14649
08481
19275
02570
28527
14135
25186
04626
28527
09509
30840
11308
15420
16191
02827
57054
06939
30583
60909
37265
11308
28270
17733
35209
10280
05911
15163
05654
29555
10537
36751
25700
37779
25186
27499
05140
24929
12079
60395
12593
30326
07196
28527
08224
10537
08481
25700
12079
33667
07967
34438
08738
27499
05140
29041
21331
06682
11051
39578
07196
00771
20560
11308
28013
08995
23130
03341
40863
08481
22873
10280
35466
16448
07967
29041
11051
07710
29298
17476
22873
07453
31611
00514
56026
06939
29812
13878
09509
52685
02570
26985
05911
22616
13878
27242
08481
30326
10794
15677
13621
05654
23130
09509
16448
05654
29298
15934
36751
13364
19789
08995
15677
14392
24415
12850
37008
06682
08224
28527
06425
21074
63479
14906
01542
22102
09509
23130
03855
47288
01799
19018
17990
23901
15934
26471
11565
33924
17733
04883
08738
08995
12079
16448
10794
26985
09766
48573
13107
01028
22359
05397
38807
10537
31868
17733
09766
31868
02056
22359
07967
13107
00257
16962
64250
34952
05911
14649
19789
06939
32896
12593
35209
09252
37265
16191
08224
08738
26728
20817
11051
31354
04369
31354
09509
36237
10794
23130
11822
26728
51143
31097
08738
34695
09252
37008
04369
25443
06682
31868
14906
11051
03341
06939
19018
07710
32125
06168
34695
17990
30583
65535
34181
02313
07710
06425
30069
64764
32896
13621
33924
64507
43176
13621
11051
17990
26214
05911
05911
15934
06425
19018
08995
21331
07453
10794
10537
44975
10794
31354
02570
31354
12593
21074
50372
40092
14906
39835
06939
24415
06682
23130
03341
33667
06425
29041
07967
26728
14135
25700
12593
37779
09766
11822
06425
02827
23387
08738
16448
02570
28013
08481
21074
12336
45232
18247
44461
28270
40863
02056
39578
10280
22359
13878
15677
08738
25186
02827
38293
03855
21074
26214
15420
30326
30840
38293
37779
39835
05140
09509
30326
12593
21588
26471
24415
15677
17733
06425
20303
33153
08738
37008
14135
02827
12850
04369
19018
08224
21588
65021
16448
10280
22359
10537
28784
05911
36494
12850
34438
03855
35466
04112
26728
16705
37522
27242
03855
19275
01542
10280
31354
25186
47031
37522
15163
17476
11565
39835
45746
00514
12850
30069
06939
41634
10023
21074
07453
09252
18761
07453
32125
59367
15934
10537
22102
11565
46260
06425
49858
18247
50886
10280
43176
11822
33410
07710
34952
54227
44718
09766
20560
09252
26214
02827
18504
19018
17476
16448
24158
08738
28784
15934
12850
20560
04626
25443
09252
21845
15420
12079
19018
08224
35980
10794
61937
08738
37522
08995
34438
05397
41634
13878
29812
65021
19275
47545
40349
12079
38550
08995
39321
30326
08224
24158
05140
25186
06682
14906
16448
64764
10280
22873
11565
34438
07453
33667
14649
22616
01799
15677
12593
38293
16191
25957
12593
19789
13107
36751
10537
38807
20817
30326
35723
08224
32382
12850
23901
08224
14649
58853
15677
02827
24415
13621
27499
08738
39578
28013
29041
01542
23901
07710
27499
12079
17733
08224
15677
05911
04112
08738
20303
36494
12079
58596
13878
32382
01799
63736
10023
34952
05140
23130
06939
29812
10023
23901
05397
38550
14906
13364
14906
09509
03855
12850
15677
34181
19018
09252
23387
06939
23387
11308
39321
02056
23901
08738
25957
38550
23130
25443
24158
07967
30583
11565
40349
11822
42148
08738
30069
29041
32896
11565
13621
11822
28527
20046
39835
12079
25700
15163
35723
11565
32896
02570
19789
48830
31097
10794
23387
40092
31611
27756
13364
10023
27499
15677
23387
64507
11565
23387
16962
26471
14392
41377
19275
19275
24672
06168
27756
20560
43433
14649
25186
15934
34952
14135
30583
06425
03341
07967
22616
10023
23387
04883
04626
13364
56283
17476
30583
11051
30326
11565
28270
14135
41120
10794
22873
10280
40349
24415
38036
01799
28270
41634
13621
14135
24415
30069
16705
39321
38293
31097
25957
56283
07710
47031
17219
11051
24672
30583
10794
06425
19789
39835
18761
29812
12079
25957
17219
39578
17733
29041
14906
32896
08995
22616
10794
40092
15420
11308
13621
15163
20560
15163
01542
26985
11051
39835
32125
32896
09766
26728
02570
53199
00257
16962
35723
10537
53456
17476
09766
33667
33410
06168
30326
08224
16962
03598
13621
05654
38550
26471
12079
29555
11565
27499
13878
37522
17990
37522
05654
20817
15163
20560
10280
35209
04883
25186
17733
14906
05397
25700
11565
36237
09252
34438
09509
18504
47031
45489
42405
19532
26471
08481
32382
35209
27499
09766
09509
18504
08995
32125
15677
36494
15163
35723
05654
24929
40606
09766
26728
26214
17476
15677
08738
06425
17476
22873
10023
59110
27242
52685
08995
23901
62708
22873
11565
32896
20560
30069
11565
22616
10794
13621
35209
18247
37779
12593
44975
15677
34952
09252
38807
21588
38293
16191
44975
14392
40863
14906
40349
02570
28270
02570
33924
59881
14649
30326
63479
31354
11565
39835
06682
23387
05654
14649
13621
12079
07710
08738
24158
21588
32896
12850
39578
06425
32382
13621
47031
05911
33153
13878
26985
08738
06425
19532
14135
10280
25957
15677
09252
24672
13878
31868
09252
25186
11565
17219
32382
38036
12850
24929
06939
37265
13364
37779
12336
28527
10280
23644
04112
32382
12593
13364
44461
17733
40863
08995
36237
19275
53970
15677
31868
13621
40092
13107
12593
32382
29555
12079
34438
28013
23901
14135
17219
64764
31868
08995
20817
29555
28013
05397
10537
18761
35466
20560
37265
23130
35466
12079
25443
13364
34952
40092
39321
10280
44461
13364
34695
32125
56540
31354
16191
34181
11308
24929
15163
16448
37522
07967
38807
07967
22102
42662
21588
15163
16962
11565
40606
16191
10280
10794
36494
17733
39321
13878
44718
13878
21074
20560
26728
14906
33153
08738
29298
13364
27499
03341
23901
41377
18504
39835
12593
31611
31097
10280
29298
15934
29041
10794
34181
09252
34181
25957
13107
47802
04369
28270
10794
31354
10023
31868
17219
35723
15934
36237
65535
08738
09509
24158
08224
23901
10537
19018
04883
45489
13364
22873
18504
14649
34438
11822
22102
12079
49601
14392
52171
30326
10537
41634
20817
40349
11822
29298
14906
44461
17476
42148
23387
33924
48830
19789
43176
34952
26214
10280
23130
20303
25957
17733
00257
59110
11051
28013
12850
33924
42919
09509
35723
05911
40349
07710
41634
14906
27499
24415
08738
33153
12850
14906
35466
19789
42405
08738
40863
16191
32125
07967
29298
35209
17219
42662
41377
03598
42919
41634
15163
30583
65021
29041
12850
31097
07967
34695
14135
19789
19789
18247
27756
13621
24672
20560
00257
17476
11051
30583
07453
28270
04112
28270
15934
11308
17476
41120
18504
44975
02570
46517
11308
26985
15677
25186
07710
18761
20560
48573
15163
43433
14649
25186
59110
06425
12079
17990
48830
14906
35466
09509
40349
17219
41634
39321
27756
22873
17990
15677
09509
48830
17990
38550
13107
52171
15677
19789
19789
23901
38036
10794
33153
15420
28270
24415
06425
21074
14906
29298
11565
31097
07710
33924
02570
22616
15163
39578
06682
29298
07453
34952
07967
23130
09766
15163
08224
30840
08995
31097
11565
08738
63479
31097
10537
26728
12079
14392
11051
33153
13364
41377
13878
11051
12850
23130
13364
28270
35209
16962
24415
16962
38807
12850
29041
31097
08995
30326
12850
29298
06168
27756
19789
31097
35723
38293
15420
38293
16705
45746
18761
42405
19789
37779
12079
15934
41891
43690
38293
16448
31611
11565
28013
17476
38807
15677
42919
17733
43433
17733
14135
28270
10280
23644
15420
20046
10537
29041
07196
25186
17733
43433
12593
49087
16962
29812
27242
39835
35723
31611
12079
42405
22359
21331
11051
20046
12336
10280
20046
22616
24415
00771
06939
35466
30069
46517
18761
46260
20817
06682
25957
12593
29298
11565
08738
09252
14392
19789
38807
13621
38807
06939
30069
17990
12850
30583
21331
29812
14135
18761
48830
17733
38036
18504
29041
19018
20817
22359
17476
21588
19532
25700
10280
29298
08995
16962
44975
14906
46517
17476
42405
08738
34695
19789
22616
43947
24415
21588
23644
47802
17990
46517
18504
33924
02827
56026
17476
09509
22359
44204
21845
34952
58082
45746
17219
39578
30840
17733
12850
05911
31097
06939
27499
17476
35723
17990
49344
21845
12336
21845
35723
22359
46260
10280
43947
13364
22102
14649
11822
41634
08224
21074
15677
62708
20817
07710
27242
15163
25957
63736
18761
36237
13621
47031
13107
12079
28013
18761
26214
21845
62451
34952
22616
17476
42405
16448
21331
10023
14906
15677
18761
12593
46003
12336
27242
11051
23901
05911
25957
15163
25700
12593
21845
08995
34181
16448
43433
18247
58596
21588
17733
49858
10794
20046
41634
13364
30069
16962
21331
22873
54741
14649
26728
07453
38293
13364
32896
20046
32125
18504
30583
12850
21074
16448
18504
40092
20560
17219
16191
15677
24929
45746
11051
47802
09766
40606
19789
14135
37265
19789
25700
05140
26214
13364
11565
01285
21845
17733
29041
15420
25186
32125
06939
38293
26985
17476
18504
29812
13364
32896
13107
43433
25443
39835
22359
32896
12850
23644
05397
08995
11565
29298
08738
33924
04112
31611
20046
37008
12850
27499
14135
25957
47288
14135
27499
09509
22359
08224
41634
64507
26728
14649
37265
15420
42405
35209
20560
12079
25443
09766
35723
15163
23387
13878
22102
34438
17476
18761
42405
23387
31868
16448
37265
13364
40349
06168
35209
14906
36237
39321
39835
16448
15420
20303
12336
17476
10537
16705
04883
11565
13878
30069
00514
13364
27756
24929
09509
29812
17990
39064
14135
32896
06425
18247
22616
21588
10023
35980
17219
41634
10280
31868
15677
25443
13621
47545
30583
09766
38036
19018
23387
00257
33667
13364
27499
08738
24415
41120
36751
15163
28784
12850
25443
17733
19018
13878
30069
08995
28013
08738
19018
10023
25957
16962
44204
06939
37779
14135
63222
28013
36237
21588
11565
29041
13364
32382
15163
38293
19789
27499
12336
34181
11565
21588
56283
14135
43433
32125
33153
20817
39321
08481
46774
16448
42405
16191
39578
58853
22102
13107
03855
22873
13621
41634
11822
29041
11565
31354
48059
21845
46774
01028
16962
13878
11565
42405
17476
41120
38807
37008
13107
37265
14135
46517
14135
21845
63479
42662
09766
42405
15420
46003
14135
34695
19789
51657
07967
18504
10537
21845
07196
25700
26471
16962
34438
34695
05654
30326
10794
31611
11822
19275
12850
22102
23387
17990
11051
34438
11565
13364
05140
23644
04626
35209
30840
23901
02827
21074
06425
33924
01028
22359
15163
22359
57311
12336
07453
34438
23901
19018
06939
19789
05140
09509
61423
05911
19275
17476
20303
07453
35723
05911
15163
26728
02827
23387
11565
23387
05397
25957
63222
19018
62194
34438
42148
18761
16448
20046
06168
26214
13621
16705
02827
23901
17219
31354
08738
32382
62451
21331
38550
28013
18247
43947
00000
29298
08481
28527
63222
39835
05654
25700
03341
13107
41377
10794
32125
56540
03598
18504
24158
10280
61680
14906
04626
13621
01542
16962
08995
04883
26728
07967
14392
08738
32382
08224
36237
04369
30069
06682
13621
09766
13364
06425
23901
08481
12079
23387
01799
09509
34695
62451
32896
05654
19789
28784
05140
29555
11051
23901
09252
34952
09252
34438
05140
33410
16705
09252
21845
32382
23130
25700
04369
06425
16962
09766
29555
12850
33667
32382
05911
10280
06939
14649
33924
10794
20303
11822
25186
03598
01799
32125
02827
38550
08738
30326
14649
23130
10023
36494
13878
00000
33410
03855
37008
09252
19018
02056
31097
64250
38036
63479
23644
02570
14649
08738
32125
23644
20046
24158
29812
24415
05397
15163
04626
18761
08481
41634
04369
09252
65021
29812
60395
25957
06682
28013
12593
30326
12336
37522
02570
21074
08224
27242
06939
17476
04112
01285
31354
31611
08224
08481
30583
00000
16448
02827
38550
04883
18761
30069
34952
01028
26728
01028
31611
03855
30583
05654
30840
07967
36237
19018
32382
24158
19532
11051
00514
37522
23130
05140
08738
61423
12079
03855
15420
31354
30069
24415
13107
17733
05654
32896
09252
30583
13621
05397
14906
26728
60395
36237
08995
32125
25700
30326
14135
23387
01542
07710
56797
32896
02056
06425
06682
25700
60652
23901
65278
61937
64764
65278
29812
50115
10794
01285
60138
05397
25186
58596
21588
02570
29041
13878
22873
02056
13878
01285
25186
07453
61423
00514
31097
20817
22359
04626
01028
02570
07710
12850
58596
00514
01028
07453
64507
14135
03341
21074
03341
58082
00514
17476
49087
13107
60909
20560
65535
15163
62965
57311
16962
38036
20560
56540
63993
60138
59110
61937
54484
00514
56540
60138
62965
04369
61423
65535
58596
61937
15677
52171
37522
54484
65021
50886
20560
52942
49858
62708
07453
52171
06939
51914
02570
65021
64507
56283
11051
52685
10280
60652
12593
47802
07453
50629
58853
60395
54998
16962
55512
24929
61937
64250
53713
54227
07453
48573
00514
52171
08995
50886
06939
55512
09766
01542
53970
14392
19789
59624
07967
59110
12079
48059
26985
57825
08995
00514
57311
61166
18504
54998
07196
45489
07196
11565
01285
56797
60909
53713
64507
44461
57054
05397
56540
10537
63993
06682
15677
62965
06682
62965
22102
63479
24929
61937
12850
01799
07967
15163
57311
02570
63993
61166
49858
52685
54227
55255
12593
47031
64507
51657
53713
23130
52171
17990
60395
22102
08481
20046
54484
35209
53456
61423
15677
02827
01285
54741
11822
63479
12079
53199
02570
52942
64764
15934
58596
16962
56026
64764
39835
03341
51400
09252
54741
55255
11565
22873
05140
60395
50115
59110
15677
53199
11565
61423
19789
57054
01542
53713
62965
41891
60909
00514
62965
47802
61680
63479
54741
56283
44461
05397
52428
16448
63479
09252
53970
13621
05911
58082
00771
56797
42662
18247
57311
04112
57311
08481
51657
61937
54227
17219
59110
61166
07453
62965
00771
56797
02056
59624
03855
57054
65278
60138
64250
15163
16448
52171
55769
49087
00514
17219
54741
21331
57054
12850
17219
61166
47802
22873
62194
54741
18247
11565
56540
21074
57054
17476
53713
13107
58853
06682
03341
09252
58596
10537
53713
05140
02313
03084
60138
12593
64764
11051
57825
14906
63479
10280
11051
53970
54741
17476
59881
12336
62451
63479
20817
55255
08224
49858
00000
48573
06939
57054
01542
57568
56797
21074
45746
04626
64507
11822
04626
55255
04626
24929
21845
59624
11051
53970
03855
06168
05654
58853
12850
50372
02827
25186
58082
18761
46774
61423
53199
21074
09252
19018
01542
53456
60138
53970
61937
11822
49087
11565
55255
07453
50372
65278
60909
56797
06425
21845
56026
60652
65021
57825
53713
62708
53199
08224
01285
22102
57825
54227
06682
49344
45746
07453
58853
55769
54484
22616
62965
20560
16448
08481
09252
54741
02570
57825
05140
62708
04626
56540
15420
56026
54227
21588
55769
13621
44461
06425
62708
41377
56540
56797
65021
57568
02570
62708
02827
06425
57054
22102
56797
59881
00514
58853
01542
50886
01285
49858
63736
04626
55769
11822
60138
00514
09252
51400
61937
06939
51914
01799
07710
51914
56797
23387
06168
62708
51400
63479
54741
50886
51657
59881
54741
64507
50629
59881
50372
17219
52171
58596
17733
60909
12850
54741
12850
54227
02570
39578
65535
20817
01542
59624
02056
48059
11051
47288
63479
44718
07453
19789
53456
02313
40349
05397
53713
05654
53970
42662
46517
08481
56797
59367
49601
02827
58082
62708
10537
50372
00000
44461
03598
56026
09509
48830
00257
41120
12850
47288
07453
44204
60909
45232
58596
11565
52942
13621
05397
60138
56283
65021
48059
62451
58082
07453
11565
47802
08481
49858
06682
03341
12850
51914
40349
62965
51914
62965
09766
53713
02570
51914
28270
53713
54998
17476
61423
14906
58339
52685
60138
56026
54998
24158
47288
51143
56797
63479
49087
51657
18504
62708
47288
62194
13621
08481
13107
63479
05397
55769
03598
46774
06425
51657
48316
52685
02313
45746
37522
30583
65535
48316
05397
48059
56797
44461
10280
43176
58853
56797
60652
57825
03341
55769
59624
57825
61937
04112
56797
22359
56026
09509
57311
11051
21074
00000
52171
65535
62708
00771
50629
01799
57568
19789
End of run: 1409419964.9
